SOURCE https://www.mhlw.go.jp/content/10800000/001682704.pdf
令和７年救命救急センターの評価結果（実数）
                                       1            2            3            3.2                      7.1                                    25
                                       専        数 １          医 休                        時 年                                   車 す 救
                                       従                に    師 日          救 休 ） 間                      所                      搬 る 命            所
                                       医                占    数 及          急 日   重                      管                      送 病 救            管
                                                                                                                 り 人                                    り 人
                                       師                め            び    専 と                篤         人                      人 院 急            人
                      項目                                                                                         数 口                                    数 口
                                       数                る            夜    従 夜                患         口                      員 の セ            口
都道府県                                                                                                                    1                                    1
                                                        救            間    医 間                者                                    年 ン
                                                                                                                        0                                    0
                     病院名                                急            帯    師 帯                数                                    間 タ
                                                                                                                       万                                     万
                                                        科            に    数 に                （                                    受 ー
                                                                                                                       人                                     人
                                                        専            お          お            来                                    入 を
                                                                                                                       当                                     当
                                                        門            け          け            院                                    救 設
                                                                                                                       た                                     た
                                                        医            る          る                                                 急 置

*      *                           *            *            *            *             *          *             *            *           *             *
北海道    市立函館病院                              13            6            4             1       1406        389699         360         6783        389699       1740
北海道    名寄市立総合病院                             5            1            2             1        706        109600         644         2000        109600       1824
北海道    北見赤十字病院                              6            2            1             1        868        256098         338         3588        256098       1401
北海道    帯広厚生病院                              15            4            7             5       1130        321232         351         5449        321232       1696
北海道    市立釧路総合病院                            14            3            1             0       1344        276549         485         4286        276549       1549
北海道    市立札幌病院                               9            6            2             2        686        627848         109         4310        627848        686
北海道    札幌医科大学附属病院                          20           12            2             2        854        627848         136         1756        627848        279
北海道    手稲渓仁会病院                             12            8            7             2       1074        627848         171         6400        627848       1019
北海道    独立行政法人国立病院機構 北海道医療センター              10            9            3             2        534        627848           85        2714        627848        432
北海道    北海道大学病院                             16            9            2             2        725        627848         115         1985        627848        316
北海道    砂川市立病院                               2            1            2             2        293        107175         273         2677        107175       2497
北海道    旭川赤十字病院                             12            4            3             3       1498        222617         672         4701        222617       2111
北海道    旭川医科大学病院                            16            6           12             1        630        222617         282         2236        222617       1004
青森県    青森県立中央病院                            10            5            4             1       1239        339726       364.71        4807        339726       1414
青森県    弘前大学医学部附属病院                          7            5            2             2        811        369292         219         2035        369292        551
青森県    八戸市立市民病院                            21           12            7             2       1546        451865         282         7563        451865       1673
岩手県    岩手医科大学附属病院                          28           10            5             2        727        387603         187         3553        387603        916
岩手県    岩手県立久慈病院                             1            1            2             2        178        163852         109         1967        163852       1200
岩手県    岩手県立大船渡病院                            2            2            2             2        351        201770         173         3038        201770       1505
岩手県    岩手県立中央病院                             1            1            8             8       1324        387603         341         7406        387603       1910
宮城県    東北大学病院                              24           12            2             2        781        233000         335         2995        233000       1285
宮城県    独立行政法人国立病院機構 仙台医療センター               14            6            3             0        859        594000         144         5711        594000        961
宮城県    仙台市立病院                               7            5           12             8       1217        753000         161         8019        753000       1064
宮城県    大崎市民病院                               5            3            6             4       1136        221000         514         5925        221000       2680
宮城県    石巻赤十字病院                              8            3            4             3       1496        283000         528         6983        283000       2467
宮城県    みやぎ県南中核病院                            4            3            4             0        940        142000         661         4134        142000       2911
秋田県    秋田大学医学部附属病院                         13            7            2             1        820        459367        178.5        2423        459367        527
秋田県    秋田赤十字病院                              6            2            3             2        663        459367         144         3629        459367        790
山形県    山形県立新庄病院                             3            1            3             3        500         64215         778         2549         64215       3969
山形県    山形県立中央病院                            15           11            6             6       1137        509091         223         4403        509091        864
山形県    公立置賜総合病院                             3            1            3             2        925        188322         491         4597        188322       2441
山形県    日本海総合病院                              3            2            4             2        785        245998         319         3940        245998       1601
福島県    いわき市医療センター                           5            4           10             3        837        328322         254         4123        328322       1255
福島県    一般財団法人温知会会津中央病院                      7            3            2             2       1150        237350         485         4270        237350       1799
福島県    一般財団法人太田綜合病院附属太田西ノ内病院               10            7            2             2       1272        631413         201         5902        631413        934
福島県    福島県立医科大学附属病院                        16           12           19             2        877        540770         162         2327        540770        430
茨城県    独立行政法人国立病院機構 水戸医療センター                6            4            4             1        912        377565       241.55        2375        377565        629
茨城県    水戸済生会総合病院                            4            4            3             1       1304        286136       455.73        3301        286136       1153
茨城県    茨城西南医療センター病院                         5            3            3             1       1107        392212         282         3534        392212        901
茨城県    筑波メディカルセンター病院                       11            9            3             3       1234        698691         176         5869        698691        839
茨城県    国立大学法人筑波大学附属病院                      32            9            8             3        987        428756         230         3817        428756        890
茨城県    総合病院土浦協同病院                           8            6           15             2       1415        430724         328         7132        430724       1655
茨城県    株式会社日立製作所日立総合病院                     10            5            7             3       1450        192319       753.96        6282        192319       3266
栃木県    済生会宇都宮病院                            20            9            5             3       1922        375981         511         9394        375981       2498
栃木県    自治医科大学附属病院                          22           15            4             2       1008        375981         268         4357        375981       1158
栃木県    足利赤十字病院                              2            2            5             4        902        375981         239         5366        375981       1427
栃木県    那須赤十字病院                              2            2            5             0       1092        375981         290         4515        375981       1200
栃木県    獨協医科大学病院                            25           14            5             3        984        375981         261         4653        375981       1237
群馬県    群馬大学医学部附属病院                         15            7            2             2        654        471698         138         4125        471698        874
群馬県    独立行政法人国立病院機構 高崎総合医療センター              6            6            7             2       1306        471698       276.87        6811        471698       1443
群馬県    前橋赤十字病院                             29           12            8             4       2772        471698         587         5857        471698       1241
群馬県    SUBARU健康保険組合太田記念病院                   9            6            4             1       1064        471698         225         5845        471698       1239
埼玉県    さいたま赤十字病院                           36           18           14             5       2260        626279         360         8832        626279       1410
埼玉県    独立行政法人国立病院機構埼玉病院                    12            7            4             4       1405        469946       298.97        7140        469946       1519
埼玉県    社会福祉法人恩賜財団済生会支部埼玉県済生会加須病院            5            2            3             1       1262        550217         229         6003        550217       1091
埼玉県    埼玉医科大学総合医療センター                      36           17            4             3       2296        823392         279         6975        823392        847
埼玉県    深谷赤十字病院                              6            5            3             1       1810        566671        319.4        4225        566671        745
埼玉県    防衛医科大学校病院                           15            8           20             5        795        629332         126         2824        629332        448
埼玉県    川口市立医療センター                           6            5            2             2       1557        811553         191         8286        811553       1021
埼玉県    獨協医科大学埼玉医療センター                      21            7            4             2       1166       1149206        101.4        5080       1149206        442
埼玉県    埼玉医科大学国際医療センター                      14            6            4             2       1356        447100         303         4815        447100       1076
埼玉県    自治医科大学附属さいたま医療センター                  15            7           19             8       2563        626279         409         8801        626279       1405
埼玉県    さいたま市立病院                             6            3            3             2       1033        626279         164         9558        626279       1526
千葉県    千葉県総合救急災害医療センター                     73           12            6             5       1905        492437         387         2858        492437        580
千葉県    東京慈恵会医科大学附属柏病院                      25           12            5             3       1186        715789         165         4402        715789        614
千葉県    東千葉メディカルセンター                         7            4            4             1        679        390553         174         2959        390553        757
千葉県    東京女子医科大学附属八千代医療センター                  5            4            2             1        744        569271         130         4217        569271        740
千葉県    帝京大学ちば総合医療センター                       3            3            1             1        658        262195         250         3538        262195       1349
千葉県    千葉大学医学部附属病院                         37           23            4             2       1652        492437         335         5816        492437       1181
千葉県    東京ベイ・浦安市川医療センター                     23            5            9             3       1668        335675         496        11602        335675       3456
千葉県    総合病院国保旭中央病院                          9            5           12             8       1648        244485         674         7063        244485       2888
千葉県    国保直営総合病院君津中央病院                       8            4           13             2       1654        319957         517         5510        319957       1722
千葉県    医療法人鉄蕉会亀田総合病院                       28           19            6             2       2064        111752        1846         4609        111752       4124
千葉県    松戸市立総合医療センター                        11            4            3             3        656        715789           91        6885        715789        961
千葉県    成田赤十字病院                              6            2           11             1       1421        359195         395         7648        359195       2129
千葉県    船橋市立医療センター                           6            5           10             1       2341        569271         411         4142        569271        727
千葉県    日本医科大学千葉北総病院                        19           13            4             4       1077        359195         299         4678        359195       1302
千葉県    順天堂大学医学部附属浦安病院                      24            8            4             4       1049        335675         313         6347        335675       1890
東京都    日本大学病院                              10            6            2             1        838        352000         199         5169        352000       1468
東京都    順天堂大学医学部附属練馬病院                      19           13           10             2       1082        529000       204.54        7973        529000       1507
東京都    東京女子医科大学附属足立医療センター                  10            7            3             2        919        580000         158         4288        580000        739
東京都    聖路加国際病院                             19            7            4             3       1031        501000         205        11472        501000       2289
東京都    東京都立墨東病院                            27           18            4             4       1600        883000         181         9258        883000       1048
東京都    市立青梅総合医療センター                         7            5            3             2        956        362000         264         6232        362000       1721
東京都    東京医科大学八王子医療センター                     14            8            4             3       1260        384000         304         7578        384000       1973
東京都    日本医科大学多摩永山病院                        10            8            2             2        751        413000         182         4466        413000       1081
東京都    独立行政法人国立病院機構 災害医療センター               15           11           12             4       1682        607000         278         7553        607000       1244
東京都    武蔵野赤十字病院                            15            8            4             4        753        693000         108        10361        693000       1495
東京都    杏林大学医学部付属病院                         19           15            6             2       1689        563000         300        10780        563000       1914
東京都    独立行政法人国立病院機構 東京医療センター               18            9            8             5       1000        636000         157         7618        636000       1197
東京都    東京都立多摩総合医療センター                      22           11            3             3       1023        619000         165         9262        619000       1496
東京都    公立昭和病院                               9            8            3             1       1118        474000         235         8061        474000       1700
東京都    東京慈恵会医科大学附属病院                       33           11           33             3        654        314000         208         6515        314000       2074
東京都    東京都済生会中央病院                      13    5    5    3    805   313000     256     6803   313000   2173
東京都    日本医科大学付属病院                      22   14    4    4   1919   535000     359     7998   535000   1494
東京都    東京科学大学病院                        25   18    4    4   1377   492000     279     8085   492000   1643
東京都    東京大学医学部附属病院                     21   15    5    2   1000   489000     205     6556   489000   1340
東京都    昭和大学病院                          14    9   24    2   1960   573000     342     8811   573000   1537
東京都    東邦大学医療センター大森病院                  16    6    4    2    914   360000     253     5245   360000   1456
東京都    東京都立広尾病院                        11    7   14    2    796   510000     156     6356   510000   1246
東京都    日本赤十字社医療センター                    13    8    5    2    494   381000     129     4000   381000   1049
東京都    東京女子医科大学病院                       6    5    3    2    294   350000       84    3764   350000   1075
東京都    東京医科大学病院                        24    8    4    4   1250   570000     219     4983   570000    874
東京都    国立研究開発法人 国立国際医療研究センター病院         22   10    5    3   1416   473000     299    10802   473000   2283
東京都    帝京大学医学部附属病院                     16   10    4    3   1252   514000    243.5    6751   514000   1313
東京都    日本大学医学部附属板橋病院                   19    7    5    3   1423   529000     268     5474   529000   1035
神奈川県   聖マリアンナ医科大学病院                    39   19   28   15   2208   642293     343     8869   642293   1380
神奈川県   川崎市立川崎病院                        24   10   10    4   1209   405831     298     9587   405831   2362
神奈川県   藤沢市民病院                          15    9    9    2   1925   737474     261    10407   737474   1411
神奈川県   恩賜財団済生会横浜市東部病院                  17    9    5    4   1449   423403     342     7091   423403   1674
神奈川県   小田原市立病院                          6    4    8    2   1500   185750     807     6677   185750   3594
神奈川県   横浜市立みなと赤十字病院                    30   16   10    3   1209   347464     348    12921   347464   3718
神奈川県   横浜市立市民病院                        12    5   15    2   1247   430000     312     8072   430000   1877
神奈川県   独立行政法人労働者健康安全機構横浜労災病院           22   12    4    4   1599   473054     338     8806   473054   1861
神奈川県   横須賀市立総合医療センター                   11    7    2    2    787   233815     336     8486   233815   3629
神奈川県   医療法人徳州会湘南鎌倉総合病院                 35   21    6    6   3170   197835    1602    18512   197835   9357
神奈川県   国家公務員共済組合連合会横浜南共済病院              6    4    7    6   1265   347464     364     8295   347464   2387
神奈川県   独立行政法人国立病院機構 横浜医療センター           18   10   10    2   1014   432636     234     6087   432636   1406
神奈川県   平塚市民病院                           5    3    8    5   1175   315557     372     9922   315557   3144
神奈川県   海老名総合病院                         18   14    9    2   1724   600278     287    10643   600278   1773
神奈川県   北里大学病院                          27   11    4    4   1810   723407     250     4688   723407    648
神奈川県   東海大学医学部付属病院                     17   13    4    3   2387   575429     414     6618   575429   1150
神奈川県   昭和医科大学藤が丘病院                     20    6   18    4   1158   415224     278     6123   415224   1474
神奈川県   聖マリアンナ医科大学横浜市西部病院               16    7    8    2   1071   544299     196     6213   544299   1141
神奈川県   公立大学法人横浜市立大学附属市民総合医療センター        30   16    4    2   1896   347464     545     5637   347464   1622
神奈川県   国家公務員共済組合連合会横須賀共済病院              9    6    4    1   1607   233815     687    13600   233815   5816
神奈川県   日本医科大学武蔵小杉病院                     9    8    2    2   1013   503538     201     5566   503538   1105
新潟県    新潟県地域医療推進機構魚沼基幹病院                1    1    5    1    646   145445     444     3965   145445   2726
新潟県    新潟県立中央病院                         2    1    3    0    836   244642     341     5473   244642   2237
新潟県    新潟市民病院                          15    9    5    3   1436   553796     259     7412   553796   1338
新潟県    新潟大学医歯学総合病院                     22    9   16    2    648   553796     117     2573   553796    464
新潟県    新潟県立新発田病院                        4    4    1    0    917   188151     487     6119   188151   3252
新潟県    長岡赤十字病院                          8    2    3    1    969   408179     237     5827   408179   1427
富山県    富山県厚生農業協同組合連合会 高岡病院              6    5    5    3    926   415625     225     3914   415625    941
富山県    富山県立中央病院                        15    8    5    3   1444   582278     250     6224   582278   1068
石川県    公立能登総合病院                         1    1    3    0    378   158024     239     2837   158024   1795
石川県    石川県立中央病院                        10    7   11    2   1169   938697     125     4778   938697    509
福井県    福井県立病院                          12    9    6    2   1161   611844     189     4307   611844    703
福井県    公立小浜病院                           5    4    2    1    302    66100     456     1640    66100   2481
山梨県    山梨県立中央病院                        18   11    4    2   1502   788935     190     7458   788935    945
長野県    長野県厚生農業協同組合連合会 佐久総合病院佐久医療センター   15   11    6    2   1186   389340    304.6    4223   389340   1084
長野県    諏訪赤十字病院                          3    3    4    0    883   169525   520.87    4305   169525   2539
長野県    伊那中央病院                           7    5    4    2    581   169525     343     3057   169525   1803
長野県    飯田市立病院                           3    2    2    2    922   169525     543     3971   169525   2342
長野県    信州大学医学部附属病院                     21   12   14    2    891   246724     361     2236   246724    906
長野県    慈泉会相澤病院                         17   12    4    2   1790   246724     725     1790   246724    725
長野県    長野赤十字病院                          7    3    7    3   1600   593563     269     8134   593563   1370
岐阜県    岐阜県立多治見病院                        1    1    2    2    989   306712     330     4521   306712   1474
岐阜県    岐阜県総合医療センター                      1    1    9    0   2184   259893     840     5654   259893   2175
岐阜県    高山赤十字病院                          3    2    3    0    856   130068     658     3804   130068   2924
岐阜県    大垣市民病院                           4    4    8    8   1943   342260     567    10328   342260   3017
岐阜県    岐阜県厚生農業協同組合連合会 中濃厚生病院            3    3    4    3    954   175896     542     3890   175896   2211
岐阜県    岐阜大学医学部附属病院                     28   18    4    4    865   259893     332     2024   259893    778
岐阜県    松波総合病院                           5    4    5    3    409   259893     155     3297   259893   1268
岐阜県    中部国際医療センター                       9    7    6    5   1019   175896     579     5419   175896   3080
静岡県    順天堂大学医学部附属静岡病院                   8    5   10    2   1606   562176     285     8551   562176   1521
静岡県    沼津市立病院                           1    1    4    4    614   562176     109     2709   562176    481
静岡県    静岡済生会総合病院                        1    1    2    0   1645   277086     593     5632   277086   2032
静岡県    静岡赤十字病院                          4    3    4    1    769   277086     277     5367   277086   1936
静岡県    地方独立行政法人静岡県立病院機構 静岡県立総合病院       15    7    9    2   2602   277086     939     3832   277086   1382
静岡県    藤枝市立総合病院                        10    6    6    1   1493   277086     538     6386   277086   2304
静岡県    浜松医療センター                         6    5    7    2    442   256938     172     6735   256938   2621
静岡県    聖隷三方原病院                          4    3    4    4    913   256938     355     5802   256938   2258
静岡県    聖隷浜松病院                          13    9    5    3   1281   256938     498     6707   256938   2610
静岡県    磐田市立総合病院                         1    1    4    3   1045   256938     406     6281   256938   2444
静岡県    中東遠総合医療センター                      3    3    7    6   1187   256938     461     7160   256938   2786
愛知県    名古屋掖済会病院                        15    7    7    7   1705   357223     477    10030   357223   2807
愛知県    中京病院                            12    9   10    7   1068   357223     298     5663   357223   1585
愛知県    日本赤十字社愛知医療センター名古屋第一病院            3    3    6    1   1053   357223     294     8179   357223   2289
愛知県    愛知県厚生農業協同組合連合会 豊田厚生病院            3    2    6    0   1066   237936     448     1066   237936    448
愛知県    総合大雄会病院                          5    4    5    2    921   251935   273.54    5438   251935   2158
愛知県    一宮市立市民病院                         1    1    7    2    959   251935     380     6873   251935   2728
愛知県    名古屋市立大学病院                       12   10   28    6   1252   357223     350     6648   357223   1861
愛知県    トヨタ記念病院                          6    3    4    1   1161   237936     504     8902   237936   3741
愛知県    刈谷豊田総合病院                         5    2    8    3   1439   348262     413     9782   348262   2808
愛知県    愛知厚生連海南病院                        3    3    8    3   1117   318946     350    10259   318946   3216
愛知県    藤田医科大学病院                        42   11    4    2   1405   158332     887    12331   158332   7788
愛知県    公立陶生病院                           4    2    5    0    873   150332     581     7840   150332   5215
愛知県    愛知県厚生農業協同組合連合会江南厚生病院             1    1    7    2   1623   240599     674     8461   240599   3516
愛知県    春日井市民病院                          1    1    8    5   1922   240599     798    10273   240599   4269
愛知県    名古屋市立大学医学部附属東部医療センター             7    5   10    2   2410   357223     675     8338   357223   2334
愛知県    豊川市民病院                           2    2    6    2   1215   340036     357     7917   340036   2328
愛知県    独立行政法人国立病院機構 名古屋医療センター           5    4    7    3   1342   357223     376    10366   357223   2901
愛知県    愛知医科大学病院                        17   13   11    6    893   158332     564     8767   158332   5537
愛知県    岡崎市民病院                           2    2    9    4   1321   422878     312     8955   422878   2117
愛知県    豊橋市民病院                           2    1    7    2    968   340036     284     7199   340036   2117
愛知県    日本赤十字社愛知医療センター名古屋第二病院           11    7   10   10   1292   357223     361    12122   357223   3393
愛知県    小牧市民病院                           2    1   13    8   1192   240599     495     7432   240599   3088
愛知県    愛知県厚生農業協同組合連合会 安城更生病院            3    3   14    4   2212   348262     635    10032   348262   2880
愛知県    知多半島総合医療センター                     4    4    7    0   2286   623102     366    10009   623102   1606
三重県    三重大学医学部附属病院                     17    7    4    2   1008   422742     238     2178   422742    515
三重県    伊勢赤十字病院                         11    7    4    4   1616   212877     759     9178   212877   4311
三重県    市立四日市病院                          2    2    5    1   1404   408647     343     8777   408647   2147
三重県    松坂中央総合病院                         2    2    4    4   1077   255234     421     7165   255234   2807
三重県    三重県立総合医療センター                     4    2    7    4   1045   408647     255     6378   408647   1560
滋賀県    近江八幡市立総合医療センター                   3    3    5    0    976   222851    2638     5881   222851   2638
滋賀県    済生会滋賀県病院                         7    5    6    3   1635   348427     469     7292   348427   2092
滋賀県    大津赤十字病院                          6    4   10    0   1189   343600     346     7891   343600   2296
滋賀県    長浜赤十字病院                          3    2    4    0    382   314631     134     4681   314631   1487
京都府    医療法人社団洛和会音羽病院                    8    3    6    3    967   285918     338     7046   285918   2464
京都府    医療法人徳洲会宇治徳洲会病院                  18    5   18    7   1945   540052     360     9935   540052   1839
京都府    京都大学医学部附属病院                     16   13   33    2    900   285918   314.78    7039   285918   2461
京都府    京都第一赤十字病院                       17   12    6    2   1274   285918     445     7328   285918   2562
京都府    京都第二赤十字病院                       20   10   12    9   1347   285918     471     6950   285918   2430
京都府    京都府立医科大学附属病院                    14    6    2    2   2404   285918     840     7029   285918   2458
京都府    市立福知山市民病院                        3    3    4    2    618   262184     235     2847   262184   1085
京都府    独立行政法人国立病院機構 京都医療センター             14    9    5   2   1785    285918      624    5480    285918   1916
大阪府    大阪府済生会千里病院                        14   10    6   3   1343    529827      253    6758    529827   1275
大阪府    地方独立行政法人りんくう総合医療センター              26    7   10   3    982    429316      228    7290    429316   1698
大阪府    大阪市立総合医療センター                      22   11    6   4   1316    465912   282.46    4731    465912   1015
大阪府    独立行政法人国立病院機構 大阪医療センター             11    9    3   2   1223    465912      262    7882    465912   1691
大阪府    大阪赤十字病院                           11    4   12   2   1151    465912      247   13238    465912   2841
大阪府    大阪警察病院                            15    8    7   3   1593    465912      346    9424    465912   2022
大阪府    大阪公立大学医学部附属病院                     16   12    4   4    703    465912      150    2411    465912    517
大阪府    地方独立行政法人大阪府立病院機構 大阪急性期・総合医療センター   18    9    4   2   1605    465912      344    8291    465912   1779
大阪府    大阪大学医学部附属病院                       27   14    4   2    927    529827      174    2173    529827    410
大阪府    大阪医科薬科大学病院                        22   12    6   6   1278    755990      169    6204    755990    820
大阪府    関西医科大学総合医療センター                    18    7   18   3   1364    555948      245    3183     55948   5689
大阪府    関西医科大学附属病院                        19   10    4   2   1450    555948      261    4618    555948    830
大阪府    大阪府立中河内救命救急センター                   10    8    3   3    769    810111       95     690    810111     85
大阪府    近畿大学病院                            13    5    5   3   1010    571983      176    8106    571983   1417
大阪府    堺市立総合医療センター                       18    8    6   2   1329    805800      164    9510    805800   1180
大阪府    岸和田徳洲会病院                          10    6    5   2   1730    429316      402   10168    429316   2368
兵庫県    兵庫県災害医療センター                       38   18    4   3    990    496965      199    1108    496965    222
兵庫県    兵庫県立淡路医療センター                       3    2    8   1   1091    120706      903    4015    120706   3326
兵庫県    神戸市立医療センター中央市民病院                  30   11   25   4   2473    496965      497    8160    496965   1641
兵庫県    神戸大学医学部附属病院                       12   10    3   2    369    496965       74    3187    496965    641
兵庫県    兵庫県立尼崎総合医療センター                    20   14   11   6   1715    575172      298   12627    575172   2195
兵庫県    兵庫医科大学病院                          18    8    5   5   1044    575172      182    4046    575172    703
兵庫県    兵庫県立西宮病院                          12   10    4   2    920    573885      160    4334    573885    755
兵庫県    兵庫県立加古川医療センター                     15   12    3   3    560    961378       58    3788    961378    394
兵庫県    兵庫県立はりま姫路総合医療センター                 15    7    7   7   2224    790039      281    7469    790039    945
兵庫県    公立豊岡病院                            22    7    4   4   1117    146285      763    6181    146285   4225
奈良県    奈良県総合医療センター                       23   12    7   4   1674    427511      392    7183    427511   1680
奈良県    近畿大学奈良病院                           2    1    1   1    373    427511       87    2453    427511    573
奈良県    奈良県立医科大学附属病院                      19    9    4   2    856    427511    200.2    5293    427511   1238
和歌山県   和歌山県立医科大学附属病院                     42   15    5   5   1759    325512      540    6177    325512   1897
和歌山県   独立行政法人国立病院機構 南和歌山医療センター            5    2    3   2    430    226358      189    3856    226358   1703
和歌山県   日本赤十字社和歌山医療センター                   12    6    7   1   1759    325512      540    7751    325512   2381
鳥取県    鳥取県立中央病院                          11    4    4   1    791    261621      302    4540    261621   1735
鳥取県    鳥取大学医学部附属病院                       12   10    3   2    749    268323      279    3408    268323   1270
島根県    松江赤十字病院                            4    3    4   3    890    265246      336    4659    265246   1756
島根県    島根県立中央病院                          10    6    4   4    600    116442      515    3857    116442   3312
島根県    島根大学医学部附属病院                       16    8   13   3    631    116442    541.9    2772    116442   2380
島根県    独立行政法人国立病院機構 浜田医療センター              1    1    2   1    265    141446      187    3236    141446   2287
岡山県    岡山赤十字病院                            2    2   10   8    614    365640      168    4980    365640   1361
岡山県    岡山大学病院                            18   10    3   3   1026    365640      280    5771    365640   1578
岡山県    川崎医科大学附属病院                        11    7   19   6   1047    365640      286    4872    365640   1332
岡山県    津山中央病院                            12    3   10   3   1161    365640      317    5259    365640   1438
岡山県    倉敷中央病院                            48   18   16   3   2054    365640      561    9991    365640   2732
広島県    広島大学病院                            26   11    4   2   1241    386000    321.5    3622    386000    938
広島県    県立広島病院                            10    7    2   2   1028    386000      266    7803    386000   2021
広島県    地方独立行政法人広島市立病院機構 広島市立広島市民病院       14    9    4   4   1639    386000      424    7678    386000   1989
広島県    独立行政法人国立病院機構 呉医療センター               2    2    8   0    621    386000      160    3458    386000    895
広島県    福山市民病院                            10    7    5   2    797    386000      206    4247    386000   1100
広島県    広島県厚生農業協同組合連合会 広島総合病院              7    3    2   1    616    137558      447    5035    137558   3660
広島県    広島県厚生農業協同組合連合会 尾道総合病院              2    2    2   2    345    225268      153    4069    225268   1806
広島県    広島市立北部医療センター安佐市民病院                 6    4    2   0   1097    423818    258.8    6265    423818   1478
山口県    独立行政法人国立病院機構 岩国医療センター              2    2    7   0   1364    195134      699    4756    195134   2437
山口県    徳山中央病院                             7    4    5   5    775    233439      331    5983    233439   2562
山口県    地方独立行政法人山口県立病院機構 山口県立総合医療センター      5    4    4   1    681    300844      226    2867    300844    952
山口県    山口大学医学部附属病院                       14    8    2   2    638    277280      236    1503    277280    542
山口県    独立行政法人国立病院機構 関門医療センター              0    0    3   0    303    269771   112.32    3137    269771   1162
徳島県    徳島県立三好病院                           4    2    2   2    542     66087      820    2227     66087   3369
徳島県    徳島県立中央病院                          12    6    7   4    621    308711   201.16    5934    308711   1922
徳島県    徳島赤十字病院                            5    3    6   4   1335    308711      432    4516    308711   1462
香川県    香川大学医学部附属病院                       11    6    2   2    462    305083      151    2189    305083    717
香川県    香川県立中央病院                           3    2    6   5    765    305083      251    3743    305083   1226
香川県    三豊総合病院                             1    1    3   3    592    305083      194    3131    305083   1026
愛媛県    愛媛県立新居浜病院                          2    2    2   1    424    450889   94.036    2297    450889    509
愛媛県    愛媛県立中央病院                          13   10    3   3   2124    622072      341    3890    622072    625
愛媛県    市立宇和島病院                            9    0    4   4   1928    222815      865    3773    222815   1693
高知県    近森病院                              12    8   11   3   1660    217913      761    6804    217913   3122
高知県    高知県・高知市病院企業団立高知医療センター             10    6   10   7    817    217913      374    5008    217913   2298
高知県    高知赤十字病院                            2    2    3   0    683    217913      313    4988    217913   2288
福岡県    福岡県済生会福岡総合病院                      15    6    7   4   1387    550002      252    3873    550002    704
福岡県    飯塚病院                              26    7   10   6   2180    375923      579    6469    375923   1720
福岡県    福岡大学病院                            25   12   19   2    925    555002   166.67    3642    555002    656
福岡県    九州大学病院                            15   12    5   5    282    550002       51    1829    550002    332
福岡県    独立行政法人国立病院機構福岡東医療センター              2    1    3   2    629    457236      137    3962    457236    866
福岡県    独立行政法人国立病院機構 九州医療センター              4    4    9   2    801    555002    144.3    5011    555002    902
福岡県    北九州市立八幡病院                          9    5    5   5    523    602493       86    4104    602493    681
福岡県    北九州総合病院                            5    3    7   1    610   1028744     59.3    5712   1028744    555
福岡県    久留米大学病院                           37    9    4   4    701    422507    165.9    1722    422507    407
福岡県    聖マリア病院                            20    8   10   3   1978    422507      468   12440    422507   2944
佐賀県    独立行政法人国立病院機構 嬉野医療センター              3    3    4   1    857    141000      607    3063    141000   2172
佐賀県    佐賀県医療センター好生館                       6    6    5   5    276    265000      104    3578    265000   1350
佐賀県    佐賀大学医学部附属病院                       14   13    4   2    976    265000    368.3    2796    265000   1055
佐賀県    唐津赤十字病院                            2    2    2   0    378    116000      325    2536    116000   2186
長崎県    長崎みなとメディカルセンター                     5    3    2   1   1223    312047      391    4246    312047   1360
長崎県    地方独立行政法人佐世保市総合医療センター               4    3    3   0   1059    312047      339    3586    312047   1149
長崎県    独立行政法人国立病院機構 長崎医療センター             16   13    4   2    857    312047      274    4719    312047   1512
長崎県    長崎大学病院                            17    8   12   2   1243    312047      398    2404    312047    770
熊本県    熊本赤十字病院                           32   17    4   4   2370    564712      419    7638    564712   1352
熊本県    独立行政法人国立病院機構 熊本医療センター             14    7    6   4   1832    564712      324    5909    564712   1046
熊本県    済生会熊本病院                           10    7    6   2   2606    564712      461    7026    564712   1244
大分県    大分市医師会立アルメイダ病院                     6    3    4   1    486    348377    139.5    2416    348377    693
大分県    国家公務員共済組合連合会新別府病院                  3    2    2   2    881    128037      688    3028    128037   2364
大分県    大分県立病院                             6    4   12   3    475    220340   215.58    2644    220340   1199
大分県    大分大学医学部附属病院                       17    7   15   2    524    348377      150    2017    348377    578
大分県    中津市立中津市民病院                         1    1    1   1    305     37948      803    3600     37948   9486
宮崎県    県立延岡病院                             4    2    2   2    975    167041      583    3206    167041   1493
宮崎県    宮崎大学医学部附属病院                       20   13    4   2    954    430587      222    2073    430587    481
宮崎県    県立宮崎病院                             7    4    2   1    555    430587      129    4554    430587   1057
鹿児島県   県立大島病院                             6    3    2   2    305     97870      311    2006     97870   2049
鹿児島県   鹿児島市立病院                           14    8   12   2   1729    477097      362    5562    477097   1165
鹿児島県   鹿児島大学病院                           21   14    3   2    528    477097      110    1683    477097    352
鹿児島県   社会医療法人緑泉会 米盛病院                    15    9    5   3   1282    477097   268.71    5863    477097   1228
沖縄県    浦添総合病院                            27   14    8   5    780    266016      293    6333    266016   2380
沖縄県    沖縄県立中部病院                          13    7   11   2   1462    380268      384    7715    380268   2028
沖縄県    沖縄県立南部医療センター・こども医療センター            18   11    4   4   1061    484587      218    5308    484587   1095
沖縄県    琉球大学病院                            14    8    4   4    300    337129   88.987    2125    337129    630
